1,1,92,42,0.63
2,1,60,19,2.82
3,1,59,33,6.35
4,1,23,94,0.67
5,1,35,35,3.12
6,1,24,34,4.66
7,1,95,11,0.53
8,1,84,27,0.76
9,1,97,26,1.09
10,1,22,63,4.76
11,2,16,93,2.97
12,2,36,15,2.49
13,2,55,92,0.65
14,2,66,99,2.58
15,2,45,15,0.74
16,2,51,48,2.94
17,2,47,94,2.44
18,2,56,41,1.17
19,3,86,31,2.07
20,4,81,68,1.18
21,4,74,10,0.92
22,4,16,73,8.19
23,4,54,57,1.85
24,5,80,75,0.27
25,5,52,29,3.18
26,5,26,71,1.60
27,5,33,17,1.35
28,5,58,36,2.78
29,5,24,66,3.29
30,5,62,64,0.73
31,5,72,29,0.53
32,6,60,34,5.24
33,6,93,50,1.57
34,6,6,53,2.45
35,6,4,52,8.98
36,6,78,66,15.49
37,6,37,36,2.81
38,6,91,16,0.64
39,6,48,31,7.45
40,7,77,41,3.33
41,7,93,76,1.57
42,7,14,62,7.92
43,7,66,83,7.11
44,7,12,52,3.84
45,7,13,37,4.86
46,7,76,11,6.92
47,7,30,55,1.34
48,8,59,10,11.80
49,8,18,77,7.64
50,8,14,98,7.92
51,8,49,57,6.23
52,8,61,16,4.89
53,8,39,28,4.72
54,8,9,50,6.41
55,8,23,43,1.24
56,9,5,81,3.31
57,10,20,99,8.72
58,10,44,41,2.47
59,10,61,27,4.89
60,10,59,56,11.80
61,10,22,28,8.86
62,10,49,23,6.23
63,10,50,67,4.51
64,10,79,60,0.93
65,11,25,63,5.32
66,11,32,31,6.36
67,11,54,26,1.85
68,11,75,67,0.41
69,11,60,86,5.24
70,11,28,82,6.73
71,11,20,93,8.72
72,11,35,12,5.81
73,11,5,56,7.99
74,12,30,98,0.75
75,12,82,68,3.45
76,12,83,48,1.42
77,12,50,53,2.53
78,12,4,51,5.03
79,12,68,85,3.42
80,12,56,87,1.80
81,13,55,76,0.92
82,13,92,98,0.61
83,13,27,49,2.49
84,13,60,54,2.71
85,13,44,98,1.28
86,13,78,55,8.01
87,14,38,13,7.52
88,14,27,85,4.82
89,14,47,78,6.71
90,15,64,94,5.13
91,15,95,42,0.99
92,15,54,77,1.85
93,15,75,62,0.41
94,15,89,92,2.26
95,15,24,21,8.66
96,15,42,72,4.35
97,15,82,25,6.17
98,16,87,42,4.88
99,16,17,40,1.73
100,16,76,46,6.92
101,17,33,42,3.54
102,17,8,49,3.69
103,17,28,42,6.73
104,17,41,68,5.11
105,17,45,25,2.03
106,17,52,100,8.37
107,17,53,62,1.50
108,17,81,95,1.18
109,18,84,45,1.41
110,18,44,14,2.47
111,18,25,27,5.32
112,18,59,81,11.80
113,19,75,80,0.22
114,19,3,14,3.91
115,19,30,76,0.72
116,20,35,24,2.36
117,20,3,39,2.96
118,20,49,61,2.53
119,20,44,73,1.00
120,21,37,61,2.81
121,21,97,35,2.03
122,21,45,63,2.03
123,21,42,59,4.35
124,21,77,19,3.33
125,21,20,13,8.72
126,22,15,42,8.07
127,22,65,66,14.32
128,22,55,76,1.78
129,22,74,44,0.92
130,22,97,64,2.03
131,22,56,39,3.22
132,23,41,17,5.11
133,23,19,29,1.38
134,23,14,59,7.92
135,23,31,99,4.29
136,23,64,22,5.13
137,23,15,59,8.07
138,23,13,29,4.86
139,24,59,88,11.80
140,24,72,19,1.39
141,24,30,69,1.34
142,24,79,62,0.93
143,24,89,37,2.26
144,24,96,35,0.42
145,24,24,43,8.66
146,24,31,45,4.29
147,24,21,32,3.33
148,24,25,40,5.32
149,25,10,74,0.74
150,25,37,29,1.51
151,25,56,50,1.73
152,25,47,19,3.61
153,25,54,31,1.00
154,25,43,21,4.62
155,26,27,68,2.18
156,26,74,26,0.42
157,26,57,30,7.04
158,26,3,62,3.29
159,26,98,99,1.00
160,26,42,55,1.96
161,27,74,83,0.92
162,27,40,76,1.73
163,27,25,52,5.32
164,27,34,42,3.72
165,27,6,27,2.45
166,27,65,22,14.32
167,27,95,87,0.99
168,27,71,54,2.84
169,27,12,84,3.84
170,27,10,26,1.37
171,28,71,58,2.84
172,29,89,17,0.94
173,29,22,48,3.67
174,29,16,18,3.39
175,29,46,73,2.31
176,29,78,66,6.41
177,30,69,41,0.86
178,30,65,19,5.81
179,30,13,41,1.97
180,30,62,100,0.78
181,30,58,97,2.97
182,30,53,44,0.61
183,30,48,29,3.02
184,30,24,73,3.52
185,30,8,89,1.50
186,30,84,56,0.57
187,31,21,86,1.42
188,31,73,21,0.51
189,31,31,12,1.83
190,31,17,76,0.74
191,31,50,12,1.93
192,31,14,42,3.39
193,31,24,97,3.70
194,31,68,83,2.61
195,32,51,44,2.59
196,32,70,95,1.50
197,32,50,26,1.44
198,32,80,74,0.23
199,33,14,57,7.92
200,33,73,47,1.20
201,33,93,100,1.57
202,34,25,61,5.32
203,34,96,25,0.42
204,34,39,56,4.72
205,34,38,51,7.52
206,34,80,39,0.71
207,34,23,34,1.24
208,34,81,99,1.18
209,34,59,38,11.80
210,35,93,70,0.93
211,35,26,61,2.50
212,35,51,58,4.81
213,35,84,89,0.84
214,35,63,54,7.97
215,35,82,85,3.67
216,35,15,87,4.80
217,35,78,72,9.21
218,36,1,59,2.67
219,36,38,44,7.52
220,36,11,56,7.15
221,36,84,30,1.41
222,36,63,98,13.42
223,36,29,32,0.95
224,36,44,99,2.47
225,36,18,28,7.64
226,37,47,57,2.87
227,37,53,34,0.64
228,38,64,80,5.13
229,38,25,37,5.32
230,38,53,69,1.50
231,38,27,95,4.82
232,38,42,72,4.35
233,38,68,62,6.11
234,38,82,60,6.17
235,38,65,60,14.32
236,39,96,39,0.18
237,39,66,49,3.07
238,39,70,63,2.03
239,39,38,34,3.24
240,40,1,45,2.67
241,41,5,67,3.01
242,41,72,58,0.52
243,41,74,80,0.35
244,41,23,20,0.47
245,41,89,33,0.85
246,42,33,59,1.61
247,42,81,32,0.54
248,42,86,54,0.94
249,42,83,57,1.15
250,42,89,59,1.03
251,42,91,17,0.29
252,43,58,82,7.31
253,43,77,35,3.33
254,43,49,23,6.23
255,43,42,100,4.35
256,43,2,97,7.67
257,43,50,23,4.51
258,43,19,58,1.38
259,43,5,95,7.99
260,44,85,59,1.15
261,44,9,31,6.41
262,44,8,47,3.69
263,44,16,46,8.19
264,44,4,83,8.98
265,45,58,64,2.34
266,45,8,77,1.18
267,45,15,48,2.58
268,45,70,75,1.50
269,45,54,73,0.59
270,46,76,39,6.92
271,46,38,99,7.52
272,47,69,25,2.11
273,47,7,69,6.59
274,47,9,81,6.41
275,47,10,98,1.37
276,47,53,86,1.50
277,47,90,60,8.16
278,47,35,24,5.81
279,48,17,40,0.59
280,48,57,94,5.32
281,48,1,52,0.91
282,48,67,56,4.03
283,48,27,86,1.64
284,48,82,89,2.10
285,48,89,36,0.77
286,49,30,62,0.46
287,49,85,48,0.39
288,49,73,35,0.41
289,49,18,27,2.60
290,49,9,64,2.18
291,50,63,55,6.06
292,51,70,13,4.70
293,51,31,67,4.29
294,52,73,20,1.20
295,52,68,81,6.11
296,52,60,47,5.24
297,53,47,45,6.71
298,53,51,23,8.09
299,53,81,74,1.18
300,54,59,87,11.80
301,54,15,18,8.07
302,55,25,100,2.75
303,55,13,39,2.51
304,55,57,54,8.07
305,55,98,11,1.14
306,56,21,52,3.33
307,56,84,32,1.41
308,56,70,52,4.70
309,56,72,49,1.39
310,57,19,32,0.53
311,57,94,79,1.09
312,57,18,85,2.91
313,57,85,69,0.44
314,58,55,19,1.03
315,58,80,48,0.41
316,58,97,23,1.17
317,58,49,45,3.60
318,58,25,46,3.08
319,58,35,16,3.36
320,58,59,30,6.83
321,58,5,89,4.62
322,58,12,87,2.22
323,59,77,74,3.33
324,59,64,48,5.13
325,59,59,12,11.80
326,60,95,31,0.45
327,60,92,67,0.53
328,60,45,70,0.92
329,60,33,47,1.60
330,60,91,53,0.29
331,60,94,86,1.30
332,60,34,30,1.68
333,60,1,32,1.21
334,61,29,36,0.95
335,61,28,81,6.73
336,62,3,48,7.28
337,63,51,99,8.09
338,63,89,46,2.26
339,63,66,72,7.11
340,63,98,49,2.21
341,63,2,75,7.67
342,63,92,51,1.18
343,64,5,83,3.59
344,64,83,55,1.14
345,64,12,73,1.72
346,64,82,93,2.77
347,64,91,20,0.29
348,65,71,97,1.53
349,65,59,96,6.35
350,65,61,37,2.63
351,65,20,30,4.69
352,65,48,11,4.01
353,65,80,69,0.38
354,65,82,51,3.32
355,65,79,32,0.50
356,65,60,91,2.82
357,65,13,29,2.61
358,66,76,96,3.72
359,66,74,34,0.49
360,66,77,54,1.79
361,66,12,63,2.06
362,66,72,19,0.75
363,66,58,28,3.93
364,67,4,64,8.98
365,68,20,32,8.72
366,68,22,40,8.86
367,68,11,45,7.15
368,68,31,15,4.29
369,68,90,88,8.16
370,68,35,55,5.81
371,68,3,41,7.28
372,68,6,72,2.45
373,69,91,49,0.29
374,69,26,15,1.88
375,69,62,29,0.86
376,69,2,81,3.43
377,69,16,56,3.66
378,70,60,96,5.24
379,70,41,96,5.11
380,70,27,18,4.82
381,70,43,57,8.58
382,70,66,88,7.11
383,71,19,64,1.38
384,71,33,96,3.54
385,71,24,10,8.66
386,71,86,19,2.07
387,71,30,72,1.34
388,71,38,45,7.52
389,71,92,57,1.18
390,71,98,88,2.21
391,71,14,60,7.92
392,72,95,68,0.59
393,72,57,97,9.27
394,72,56,27,1.91
395,73,59,88,6.35
396,73,77,96,1.79
397,73,6,76,1.32
398,73,16,94,4.40
399,73,73,58,0.65
400,73,17,57,0.93
401,73,84,10,0.76
402,73,24,27,4.66
403,73,65,38,7.70
404,74,33,60,3.54
405,74,3,65,7.28
406,74,94,60,2.87
407,74,23,91,1.24
408,74,42,71,4.35
409,74,31,54,4.29
410,74,66,95,7.11
411,75,18,80,3.84
412,75,1,61,1.34
413,75,40,63,0.87
414,75,73,57,0.60
415,75,76,97,3.48
416,75,11,67,3.59
417,75,17,62,0.87
418,75,12,73,1.93
419,75,68,96,3.07
420,75,31,42,2.16
421,76,83,41,1.05
422,76,75,43,0.17
423,76,55,72,0.74
424,76,15,44,3.35
425,76,87,60,2.03
426,76,97,30,0.84
427,76,28,15,2.80
428,76,64,20,2.13
429,76,42,23,1.81
430,76,94,19,1.19
431,77,35,73,2.65
432,77,32,10,2.90
433,77,86,70,0.94
434,77,33,89,1.61
435,77,26,46,1.92
436,77,23,21,0.57
437,77,58,62,3.33
438,78,65,65,14.32
439,78,5,99,7.99
440,78,75,46,0.41
441,78,98,25,2.21
442,79,26,53,4.21
443,80,88,41,0.61
444,80,15,43,3.35
445,80,84,99,0.59
446,80,63,59,5.57
447,81,60,84,3.03
448,81,51,65,4.68
449,82,77,82,3.33
450,82,90,79,8.16
451,82,20,68,8.72
452,82,68,10,6.11
453,82,10,95,1.37
454,83,44,28,1.10
455,83,71,34,1.27
456,83,53,73,0.67
457,83,49,96,2.78
458,83,60,41,2.34
459,83,5,97,3.57
460,83,39,87,2.11
461,84,30,90,1.34
462,84,38,53,7.52
463,84,10,88,1.37
464,84,40,71,1.73
465,84,57,42,15.60
466,84,45,56,2.03
467,84,54,83,1.85
468,85,75,78,0.41
469,85,29,71,0.95
470,85,10,82,1.37
471,85,17,36,1.73
472,85,86,85,2.07
473,85,65,76,14.32
474,85,98,24,2.21
475,85,45,92,2.03
476,85,41,85,5.11
477,85,18,11,7.64
478,86,97,46,0.63
479,86,30,36,0.42
480,86,72,40,0.43
481,86,77,67,1.04
482,86,70,11,1.46
483,86,36,48,2.14
484,86,71,20,0.88
485,87,36,51,3.08
486,87,71,17,1.27
487,87,64,10,2.30
488,87,41,31,2.29
489,87,25,34,2.39
490,87,54,28,0.83
491,87,93,89,0.70
492,88,86,76,2.07
493,88,98,80,2.21
494,88,81,74,1.18
495,88,58,63,7.31
496,88,30,17,1.34
497,88,88,53,1.48
498,88,35,90,5.81
499,88,49,57,6.23
500,88,10,85,1.37
501,88,36,55,6.86
502,89,47,77,2.15
503,90,31,28,4.29
504,90,62,73,1.92
505,90,80,74,0.71
506,90,68,100,6.11
507,90,50,61,4.51
508,91,40,64,0.80
509,91,14,32,3.68
510,91,89,24,1.05
511,91,51,89,3.76
512,91,80,33,0.33
513,91,98,72,1.03
514,91,10,19,0.64
515,91,36,51,3.19
516,92,11,42,7.15
517,92,38,73,7.52
518,92,27,13,4.82
519,92,2,67,7.67
520,92,91,28,0.64
521,92,31,27,4.29
522,92,83,81,2.53
523,92,28,24,6.73
524,92,64,11,5.13
525,93,89,97,2.26
526,93,71,99,2.84
527,93,49,49,6.23
528,93,51,92,8.09
529,93,56,82,3.22
530,93,20,67,8.72
531,93,46,39,5.57
532,93,97,99,2.03
533,94,89,10,0.72
534,94,59,20,3.77
535,94,51,78,2.59
536,94,4,91,2.87
537,94,38,47,2.41
538,95,45,59,2.03
539,95,10,55,1.37
540,95,35,53,5.81
541,95,90,96,8.16
542,95,94,64,2.87
543,96,64,27,5.13
544,96,96,10,0.42
545,96,14,26,7.92
546,96,21,18,3.33
547,96,72,15,1.39
548,96,38,78,7.52
549,96,51,75,8.09
550,96,66,76,7.11
551,97,57,54,5.32
552,97,15,93,2.75
553,98,8,85,3.69
554,98,17,71,1.73
555,99,67,56,11.82
556,99,51,46,8.09
557,99,57,55,15.60
558,99,29,71,0.95
559,99,85,81,1.15
560,99,32,94,6.36
561,99,78,15,15.49
562,99,16,69,8.19
563,99,58,18,7.31
564,99,66,67,7.11
565,100,63,15,6.05
566,100,80,61,0.32
567,100,20,71,3.93
568,100,32,54,2.87
569,100,44,74,1.11
570,100,25,92,2.40
571,101,17,55,1.73
572,101,20,47,8.72
573,101,86,92,2.07
574,101,81,65,1.18
575,101,53,26,1.50
576,101,52,98,8.37
577,101,29,10,0.95
578,102,52,61,4.33
579,102,26,17,2.18
580,102,85,66,0.59
581,102,39,27,2.44
582,102,1,10,1.38
583,102,87,62,2.52
584,102,48,33,3.85
585,102,41,42,2.64
586,102,75,47,0.21
587,103,42,99,4.35
588,103,69,55,2.11
589,104,50,31,4.51
590,104,26,21,4.21
591,104,37,36,2.81
592,104,1,37,2.67
593,104,95,37,0.99
594,105,75,45,0.41
595,105,91,51,0.64
596,105,37,16,2.81
597,105,58,60,7.31
598,105,29,20,0.95
599,105,88,62,1.48
600,105,11,20,7.15
601,105,34,41,3.72
602,105,26,73,4.21
603,106,11,54,2.29
604,106,39,67,1.51
605,106,98,98,0.71
606,106,21,15,1.07
607,106,54,55,0.59
608,106,15,72,2.58
609,106,82,79,1.97
610,107,29,43,0.95
611,107,96,65,0.42
612,108,8,63,3.69
613,108,83,28,2.53
614,108,84,94,1.41
615,108,51,64,8.09
616,108,31,61,4.29
617,108,55,65,1.78
618,108,16,92,8.19
619,108,26,59,4.21
620,109,96,27,0.23
621,109,22,52,4.93
622,109,25,36,2.96
623,109,87,73,2.72
624,109,34,16,2.07
625,109,23,27,0.69
626,109,61,33,2.72
627,109,64,84,2.86
628,110,35,27,5.81
629,110,22,23,8.86
630,110,44,61,2.47
631,110,31,22,4.29
632,110,59,25,11.80
633,110,58,48,7.31
634,111,53,23,0.81
635,111,76,20,3.73
636,111,41,72,2.75
637,111,60,44,2.82
638,112,62,60,0.86
639,112,14,82,3.55
640,112,17,54,0.78
641,112,28,84,3.02
642,112,40,78,0.78
643,112,77,30,1.49
644,112,13,56,2.18
645,112,41,47,2.29
646,113,70,68,2.71
647,113,21,22,1.92
648,113,20,23,5.03
649,113,61,78,2.82
650,113,56,75,1.86
651,113,11,96,4.12
652,113,32,49,3.67
653,113,42,94,2.51
654,113,41,36,2.95
655,113,96,54,0.24
656,114,66,41,3.07
657,114,2,92,3.31
658,114,3,24,3.14
659,114,54,45,0.80
660,115,59,91,11.80
661,115,35,58,5.81
662,115,56,92,3.22
663,116,81,65,1.18
664,116,34,12,3.72
665,116,70,33,4.70
666,116,92,60,1.18
667,116,2,40,7.67
668,116,98,97,2.21
669,116,10,19,1.37
670,116,8,43,3.69
671,116,46,72,5.57
672,117,6,63,2.45
673,117,3,34,7.28
674,117,18,79,7.64
675,118,94,21,2.87
676,118,44,67,2.47
677,118,38,32,7.52
678,118,84,70,1.41
679,118,37,18,2.81
680,118,85,89,1.15
681,118,30,29,1.34
682,119,81,98,1.18
683,119,44,92,2.47
684,119,10,27,1.37
685,119,28,38,6.73
686,119,38,60,7.52
687,119,87,16,4.88
688,119,21,52,3.33
689,119,33,35,3.54
690,120,67,39,6.36
691,120,9,43,3.45
692,120,29,95,0.51
693,120,94,93,1.54
694,120,45,10,1.09
695,120,16,26,4.40
696,121,94,27,1.30
697,121,6,98,1.11
698,121,98,73,1.00
699,121,77,64,1.50
700,121,20,64,3.94
701,122,49,19,2.26
702,122,74,68,0.33
703,122,93,42,0.57
704,122,23,91,0.45
705,122,22,70,3.22
706,123,78,43,7.20
707,123,86,67,0.96
708,124,92,85,1.18
709,124,84,70,1.41
710,124,72,46,1.39
711,124,91,82,0.64
712,124,49,68,6.23
713,124,15,100,8.07
714,124,3,12,7.28
715,124,42,27,4.35
716,124,87,29,4.88
717,124,85,86,1.15
718,125,83,47,2.53
719,125,11,45,7.15
720,125,5,12,7.99
721,125,93,10,1.57
722,125,85,72,1.15
723,125,26,89,4.21
724,125,55,71,1.78
725,125,48,73,7.45
726,125,60,42,5.24
727,126,1,76,1.20
728,126,50,100,2.03
729,126,14,65,3.57
730,126,55,75,0.80
731,126,13,14,2.19
732,127,15,90,8.07
733,127,8,81,3.69
734,127,25,46,5.32
735,127,4,37,8.98
736,127,33,77,3.54
737,127,73,28,1.20
738,127,56,93,3.22
739,128,35,36,1.86
740,128,51,96,2.59
741,128,8,53,1.18
742,128,33,93,1.13
743,128,76,96,2.21
744,128,93,93,0.50
745,129,10,65,1.37
746,129,56,23,3.22
747,130,24,68,3.60
748,131,4,99,8.98
749,131,73,61,1.20
750,131,90,12,8.16
751,131,5,77,7.99
752,131,2,76,7.67
753,131,38,24,7.52
754,132,30,43,0.75
755,132,45,56,1.13
756,132,36,83,3.82
757,132,35,58,3.23
758,133,1,86,0.85
759,133,48,48,2.38
760,133,12,68,1.23
761,133,53,35,0.48
762,134,94,12,1.19
763,134,68,64,2.54
764,134,45,33,0.84
765,134,77,11,1.38
766,134,1,53,1.11
767,134,14,31,3.29
768,134,29,82,0.39
769,134,83,60,1.05
770,135,50,99,4.51
771,135,55,86,1.78
772,135,91,70,0.64
773,135,84,34,1.41
774,135,83,76,2.53
775,135,58,98,7.31
776,135,90,23,8.16
777,135,36,89,6.86
778,136,78,19,15.49
779,136,33,52,3.54
780,136,56,79,3.22
781,136,39,65,4.72
782,136,7,47,6.59
783,136,48,96,7.45
784,137,2,18,7.67
785,137,59,10,11.80
786,137,68,28,6.11
787,137,98,67,2.21
788,137,36,49,6.86
789,137,16,81,8.19
790,137,93,82,1.57
791,137,42,92,4.35
792,137,18,13,7.64
793,137,52,60,8.37
794,138,8,21,3.69
795,138,72,65,1.39
796,138,81,83,1.18
797,138,48,33,7.45
798,138,31,78,4.29
799,138,35,39,5.81
800,138,63,98,13.42
801,139,2,13,3.97
802,139,61,95,2.53
803,139,79,93,0.48
804,139,9,50,3.31
805,139,59,40,6.10
806,139,50,99,2.33
807,139,70,20,2.43
808,139,90,59,4.22
809,140,52,82,8.37
810,140,77,43,3.33
811,140,15,38,8.07
812,140,98,50,2.21
813,141,96,72,0.42
814,141,68,50,6.11
815,141,27,26,4.82
816,142,36,82,2.84
817,142,68,82,2.53
818,142,95,57,0.41
819,143,84,80,0.81
820,143,71,85,1.64
821,143,35,66,3.35
822,143,13,46,2.80
823,143,74,16,0.53
824,144,81,76,1.18
825,144,6,88,2.45
826,144,20,17,8.72
827,145,93,52,0.57
828,145,82,83,2.24
829,145,32,25,2.31
830,145,84,61,0.51
831,146,10,31,0.46
832,146,33,84,1.18
833,146,58,51,2.44
834,146,54,56,0.62
835,146,78,82,5.17
836,146,91,10,0.21
837,147,73,56,1.20
838,147,23,15,1.24
839,147,3,76,7.28
840,147,32,43,6.36
841,147,15,86,8.07
842,147,7,24,6.59
843,147,88,59,1.48
844,148,48,37,3.74
845,148,70,90,2.36
846,148,41,96,2.57
847,148,28,38,3.38
848,148,68,17,3.07
849,149,95,28,0.99
850,149,28,13,6.73
851,149,24,50,8.66
852,149,76,43,6.92
853,149,82,70,6.17
854,149,46,50,5.57
855,149,40,74,1.73
856,149,26,88,4.21
857,149,57,96,15.60
858,150,71,59,2.84
859,150,44,76,2.47
860,150,67,45,11.82
861,150,45,92,2.03
862,150,60,29,5.24
863,150,43,82,8.58
864,150,86,22,2.07
865,150,14,38,7.92
866,151,20,93,8.72
867,151,15,44,8.07
868,151,50,85,4.51
869,151,28,60,6.73
870,151,93,71,1.57
871,152,59,64,11.80
872,152,11,42,7.15
873,152,84,94,1.41
874,153,63,14,5.11
875,153,83,45,0.96
876,153,56,93,1.23
877,153,43,97,3.26
878,154,75,22,0.13
879,154,76,24,2.15
880,154,9,63,2.00
881,154,52,19,2.61
882,154,2,36,2.39
883,154,35,73,1.81
884,155,26,95,4.21
885,155,46,52,5.57
886,155,77,94,3.33
887,155,72,76,1.39
888,155,79,82,0.93
889,155,53,66,1.50
890,155,30,75,1.34
891,155,91,13,0.64
892,156,30,24,1.34
893,156,62,35,1.92
894,156,86,67,2.07
895,156,38,96,7.52
896,156,81,96,1.18
897,156,67,63,11.82
898,156,80,31,0.71
899,156,68,29,6.11
900,156,25,19,5.32
901,157,57,67,8.99
902,157,27,38,2.78
903,157,12,46,2.21
904,157,98,80,1.27
905,157,76,48,3.99
906,157,45,23,1.17
907,157,51,62,4.66
908,157,6,56,1.41
909,157,50,78,2.60
910,157,43,32,4.95
911,158,26,61,2.48
912,158,86,45,1.22
913,158,74,99,0.54
914,158,95,33,0.58
915,159,35,20,3.25
916,159,75,31,0.23
917,159,53,16,0.84
918,159,32,47,3.56
919,159,4,28,5.03
920,159,70,50,2.63
921,159,12,26,2.15
922,159,90,61,4.57
923,160,13,65,4.86
924,160,45,24,2.03
925,160,87,77,4.88
926,160,92,23,1.18
927,161,72,14,1.39
928,162,78,90,6.29
929,162,48,52,3.02
930,162,38,31,3.05
931,162,56,38,1.31
932,162,12,45,1.56
933,162,66,63,2.89
934,162,29,23,0.39
935,162,60,75,2.13
936,162,23,95,0.50
937,163,92,34,1.18
938,163,54,82,1.85
939,163,17,69,1.73
940,163,53,77,1.50
941,163,83,32,2.53
942,163,36,25,6.86
943,163,14,55,7.92
944,164,71,94,2.84
945,164,4,62,8.98
946,164,9,90,6.41
947,165,16,36,3.40
948,165,66,16,2.95
949,165,64,47,2.13
950,165,68,48,2.54
951,165,98,57,0.92
952,166,2,28,7.67
953,167,89,64,0.92
954,167,94,52,1.17
955,167,54,30,0.75
956,168,22,16,4.12
957,168,16,38,3.80
958,169,94,16,2.87
959,169,87,52,4.88
960,170,58,95,3.28
961,170,30,20,0.60
962,170,13,32,2.18
963,170,56,19,1.45
964,170,87,69,2.19
965,171,35,100,5.81
966,171,86,92,2.07
967,171,21,48,3.33
968,171,95,28,0.99
969,171,15,39,8.07
970,171,4,76,8.98
971,172,44,49,2.47
972,172,10,45,1.37
973,173,7,16,3.92
974,173,80,16,0.42
975,173,83,54,1.50
976,173,82,51,3.67
977,173,5,67,4.75
978,173,57,17,9.27
979,173,95,36,0.59
980,173,47,52,3.99
981,174,11,83,7.15
982,175,25,17,5.32
983,175,85,18,1.15
984,175,32,26,6.36
985,175,37,69,2.81
986,175,27,33,4.82
987,175,19,89,1.38
988,175,75,87,0.41
989,176,75,100,0.41
990,177,69,18,2.11
991,177,7,64,6.59
992,178,71,76,1.64
993,178,68,28,3.52
994,178,25,10,3.07
995,178,3,27,4.20
996,178,14,99,4.57
997,178,66,99,4.10
998,178,97,100,1.17
999,178,89,65,1.30
1000,178,29,25,0.55
1001,179,14,94,3.75
1002,179,55,19,0.84
1003,179,87,73,2.31
1004,179,26,24,1.99
1005,179,31,62,2.03
1006,179,96,96,0.20
1007,179,61,89,2.32
1008,179,22,87,4.20
1009,179,20,83,4.13
1010,179,38,13,3.56
1011,180,74,61,0.92
1012,180,24,53,8.66
1013,180,46,59,5.57
1014,180,30,92,1.34
1015,180,80,89,0.71
1016,180,69,57,2.11
1017,181,23,36,0.69
1018,181,37,26,1.57
1019,181,41,89,2.86
1020,182,60,16,2.13
1021,182,41,88,2.07
1022,182,46,27,2.26
1023,182,25,37,2.16
1024,183,12,18,3.84
1025,183,8,90,3.69
1026,183,18,53,7.64
1027,183,9,31,6.41
1028,183,23,62,1.24
1029,183,7,31,6.59
1030,184,10,12,1.37
1031,184,43,100,8.58
1032,184,30,70,1.34
1033,184,26,72,4.21
1034,184,84,56,1.41
1035,184,59,25,11.80
1036,184,22,24,8.86
1037,184,8,35,3.69
1038,184,17,12,1.73
1039,184,91,98,0.64
1040,185,19,76,0.65
1041,185,84,46,0.67
1042,185,2,56,3.63
1043,185,56,29,1.52
1044,185,8,87,1.75
1045,186,14,52,7.92
1046,186,41,79,5.11
1047,187,5,38,4.30
1048,187,8,25,1.99
1049,187,21,58,1.79
1050,187,69,23,1.14
1051,187,3,56,3.92
1052,187,81,45,0.64
1053,187,70,66,2.53
1054,187,22,16,4.77
1055,187,60,95,2.82
1056,188,39,93,2.80
1057,188,34,57,2.21
1058,188,1,47,1.59
1059,188,65,83,8.51
1060,188,16,29,4.87
1061,188,73,88,0.71
1062,188,54,55,1.10
1063,188,4,77,5.34
1064,188,8,27,2.19
1065,188,85,66,0.68
1066,189,25,70,5.32
1067,189,51,41,8.09
1068,189,26,48,4.21
1069,189,80,66,0.71
1070,189,52,17,8.37
1071,189,57,36,15.60
1072,189,69,83,2.11
1073,189,67,54,11.82
1074,189,38,34,7.52
1075,189,74,66,0.92
1076,190,91,82,0.64
1077,190,86,43,2.07
1078,191,29,36,0.95
1079,191,21,21,3.33
1080,191,13,50,4.86
1081,191,30,45,1.34
1082,191,1,77,2.67
1083,191,19,23,1.38
1084,192,38,59,3.05
1085,192,30,18,0.54
1086,193,43,18,8.58
1087,194,54,57,0.99
1088,195,75,43,0.13
1089,195,11,66,2.29
1090,195,47,39,2.15
1091,195,48,80,2.38
1092,195,56,66,1.03
1093,196,38,53,4.21
1094,196,2,92,4.29
1095,196,43,45,4.80
1096,196,87,11,2.73
1097,196,39,80,2.64
1098,196,75,48,0.23
1099,197,56,10,3.22
1100,197,27,79,4.82
1101,197,62,93,1.92
1102,197,53,96,1.50
1103,197,82,11,6.17
1104,197,49,69,6.23
1105,197,6,57,2.45
1106,197,19,52,1.38
1107,198,75,45,0.17
1108,198,97,85,0.82
1109,198,71,61,1.15
1110,198,12,11,1.56
1111,198,95,31,0.40
1112,198,63,24,5.45
1113,198,4,78,3.65
1114,198,15,25,3.28
1115,198,83,42,1.03
1116,199,28,87,6.73
1117,199,78,79,15.49
1118,199,33,58,3.54
1119,199,97,75,2.03
1120,200,73,16,0.40
1121,200,65,22,4.78
1122,200,76,26,2.31
1123,200,64,43,1.71
1124,200,43,68,2.87
1125,200,55,71,0.59
1126,200,82,85,2.06
1127,200,19,85,0.46
1128,200,88,23,0.49
